   0.0    0.0   15.0   33.0   96.0  160.0  223.0  287.0  350.0  413.0  477.0  540.0  603.0  667.0  730.0  793.0
   0.0    0.0    2.7    5.5   13.4   21.2   28.9   36.5   43.8   50.9   57.8   64.3   70.5   76.7   82.6   88.4
   0.2    4.0    4.8    6.6   13.7   21.4   29.0   36.6   43.9   51.0   57.9   64.3   70.6   76.7   82.7   88.4
   0.4    8.0    8.2    9.1   14.7   22.0   29.4   36.9   44.1   51.1   58.0   64.5   70.7   76.8   82.8   88.5
   0.6   12.0   11.6   11.9   16.2   22.9   30.1   37.4   44.5   51.5   58.3   64.8   70.9   77.0   82.9   88.7
   0.8   16.0   15.1   14.8   18.0   24.2   31.0   38.1   45.1   52.0   58.7   65.1   71.2   77.3   83.1   88.9
   1.0   19.9   18.5   17.6   20.1   25.7   32.1   39.0   45.8   52.6   59.2   65.5   71.6   77.6   83.4   89.1
   1.2   23.3   21.9   20.4   22.4   27.4   33.5   40.0   46.6   53.3   59.8   66.0   72.1   78.0   83.8   89.5
   1.4   26.7   24.8   23.3   24.9   29.3   34.9   41.2   47.6   54.1   60.6   66.7   72.6   78.5   84.2   89.8
   1.6   29.5   27.6   26.1   27.4   31.3   36.6   42.6   48.8   55.1   61.4   67.4   73.2   79.1   84.7   90.3
   2.0   35.2   33.3   31.8   32.5   35.7   40.2   45.6   51.3   57.3   63.3   69.0   74.7   80.3   85.9   91.3
   2.5   42.3   40.4   38.8   39.1   41.5   45.3   50.0   55.1   60.6   66.1   71.5   76.9   82.3   87.6   92.9
   3.0   49.3   47.4   45.9   45.8   47.7   50.9   54.9   59.4   64.3   69.5   74.5   79.5   84.7   89.7   94.8
   3.5   56.4   54.5   52.9   52.5   54.0   56.6   60.1   64.1   68.5   73.2   77.8   82.5   87.3   92.1   97.0
   4.0   63.4   61.5   59.9   59.2   60.4   62.6   65.6   69.1   73.1   77.3   81.5   85.8   90.3   94.8   99.5
   4.5   70.4   68.5   66.9   66.0   66.9   68.8   71.2   74.3   77.8   81.6   85.4   89.4   93.6   97.8  102.2
   5.0   77.4   75.5   73.8   72.7   73.5   75.0   77.1   79.7   82.8   86.2   89.6   93.2   97.0  101.0  105.1
   5.5   84.3   82.4   80.8   79.4   80.0   81.3   83.0   85.3   88.0   91.0   94.0   97.2  100.7  104.4  108.3
   6.0   91.2   89.3   87.7   86.2   86.7   87.6   89.0   91.0   93.3   95.9   98.6  101.4  104.6  108.0  111.6
   6.5   98.1   96.2   94.5   92.9   93.3   94.0   95.1   96.7   98.8  101.0  103.3  105.8  108.7  111.7  115.1
   7.0  104.9  103.0  101.3   99.6   99.9  100.4  101.2  102.6  104.3  106.2  108.1  110.3  112.8  115.6  118.7
   7.5  111.7  109.8  108.1  106.4  106.5  106.8  107.4  108.4  109.9  111.4  113.0  114.9  117.1  119.6  122.4
   8.0  118.5  116.5  114.8  113.1  113.2  113.3  113.6  114.4  115.6  116.8  118.0  119.5  121.5  123.8  126.3
   8.5  125.2  123.2  121.5  119.8  119.8  119.7  119.8  120.3  121.3  122.1  123.0  124.3  126.0  128.0  130.3
   9.0  131.9  130.0  128.3  126.5  126.5  126.1  126.0  126.3  127.0  127.5  128.1  129.1  130.5  132.2  134.3
   9.5  138.7  136.7  135.0  133.3  133.2  132.6  132.2  132.3  132.8  132.9  133.2  133.9  135.1  136.6  138.4
  10.0  145.4  143.4  141.7  140.0  139.8  139.0  138.4  138.3  138.6  138.3  138.3  138.8  139.7  141.0  142.6
  11.0  158.9  156.9  155.2  153.4  153.0  151.8  150.8  150.3  150.1  149.1  148.6  148.6  149.0  149.9  151.1
  12.0  172.3  170.3  168.6  166.9  166.1  164.4  163.2  162.3  161.5  159.8  158.8  158.4  158.4  158.9  159.8
  13.0  185.8  183.8  182.1  180.3  179.0  177.0  175.4  174.2  172.5  170.4  169.0  168.1  167.8  168.1  168.6
  14.0  199.2  197.2  195.5  193.7  191.7  189.5  187.6  186.0  183.2  180.8  179.1  177.9  177.2  177.2  177.4
  15.0  212.7  210.7  209.0  206.9  204.3  201.8  199.6  196.9  193.8  191.0  189.0  187.6  186.7  186.3  186.2
  16.0  226.1  224.1  222.4  219.6  216.8  214.0  211.1  207.5  204.1  201.1  198.8  197.2  196.1  195.4  195.1
  17.0  239.4  237.3  235.4  232.2  229.0  225.9  221.7  217.8  214.2  211.1  208.6  206.7  205.4  204.5  203.9
  18.0  252.0  249.9  248.0  244.5  241.0  236.5  232.1  228.0  224.2  220.8  218.2  216.1  214.7  213.6  212.8
  19.0  264.4  262.3  260.4  256.4  251.5  246.8  242.2  237.9  234.0  230.5  227.7  225.5  223.8  222.6  221.6
  20.0  276.6  274.3  272.1  266.8  261.7  256.8  252.1  247.7  243.7  240.0  237.1  234.8  233.0  231.5  230.3
  21.0  286.9  284.6  282.4  277.0  271.8  266.7  261.9  257.4  253.2  249.5  246.5  244.0  242.0  240.3  239.1
  22.0  297.1  294.7  292.5  286.9  281.6  276.4  271.5  266.9  262.6  258.8  255.7  253.2  250.9  249.2  247.8
  23.0  306.9  304.6  302.3  296.7  291.3  286.0  281.0  276.3  272.0  268.1  264.9  262.2  259.8  257.9  256.4
  24.0  316.7  314.3  312.0  306.3  300.8  295.4  290.4  285.7  281.2  277.3  273.9  271.1  268.6  266.6  265.0
  25.0  326.3  323.9  321.6  315.8  310.2  304.8  299.7  294.9  290.4  286.3  282.9  279.9  277.4  275.3  273.5
  26.0  335.7  333.3  331.0  325.2  319.5  314.1  308.9  304.0  299.4  295.2  291.7  288.7  286.1  283.9  282.1
  27.0  345.0  342.7  340.3  334.5  328.8  323.2  318.0  313.0  308.4  304.1  300.5  297.4  294.7  292.4  290.5
  28.0  354.3  351.9  349.6  343.6  337.9  332.3  326.9  321.9  317.2  312.9  309.2  306.1  303.3  300.9  298.9
  29.0  363.4  361.0  358.7  352.7  346.8  341.2  335.8  330.7  326.0  321.6  317.9  314.7  311.8  309.4  307.3
  30.0  372.4  370.0  367.7  361.6  355.7  350.0  344.6  339.5  334.6  330.2  326.5  323.2  320.3  317.8  315.7
  31.0  381.3  378.9  376.5  370.4  364.5  358.8  353.3  348.1  343.3  338.8  335.0  331.7  328.7  326.2  324.0
  32.0  390.1  387.7  385.3  379.2  373.2  367.5  361.9  356.7  351.9  347.4  343.5  340.1  337.1  334.5  332.2
  33.0  398.9  396.4  394.1  387.9  381.9  376.1  370.5  365.3  360.4  355.9  351.9  348.5  345.5  342.8  340.4
  34.0  407.5  405.1  402.7  396.5  390.4  384.6  379.0  373.8  368.9  364.3  360.3  356.9  353.8  351.0  348.5
  35.0  416.1  413.7  411.3  405.1  399.0  393.2  387.5  382.2  377.2  372.7  368.7  365.2  362.0  359.2  356.6
  36.0  424.6  422.2  419.8  413.6  407.5  401.6  395.9  390.6  385.6  381.0  377.0  373.4  370.1  367.2  364.7
  37.0  433.1  430.7  428.3  422.0  415.9  410.0  404.3  399.0  393.9  389.3  385.2  381.6  378.2  375.3  372.7
  38.0  441.6  439.1  436.7  430.4  424.3  418.4  412.6  407.3  402.2  397.5  393.4  389.7  386.3  383.3  380.6
  39.0  449.9  447.5  445.1  438.8  432.6  426.6  420.9  415.5  410.4  405.6  401.4  397.7  394.3  391.3  388.5
  40.0  458.3  455.8  453.4  447.1  440.9  434.9  429.1  423.7  418.5  413.7  409.5  405.8  402.3  399.2  396.4
  41.0  466.5  464.1  461.6  455.3  449.0  443.1  437.2  431.8  426.6  421.7  417.5  413.7  410.2  407.1  404.2
  42.0  474.7  472.3  469.8  463.4  457.2  451.1  445.3  439.8  434.6  429.7  425.5  421.6  418.1  414.9  411.9
  43.0  482.9  480.4  477.9  471.5  465.2  459.2  453.3  447.8  442.6  437.7  433.4  429.5  425.9  422.6  419.6
  44.0  490.9  488.4  486.0  479.6  473.3  467.2  461.3  455.8  450.5  445.6  441.2  437.3  433.6  430.2  427.1
  45.0  498.9  496.5  494.0  487.6  481.2  475.1  469.2  463.6  458.3  453.4  449.0  445.0  441.2  437.8  434.7
  46.0  506.9  504.4  502.0  495.5  489.2  483.0  477.1  471.5  466.1  461.1  456.7  452.6  448.8  445.4  442.1
  47.0  514.8  512.4  509.9  503.4  497.0  490.9  484.9  479.2  473.9  468.8  464.3  460.2  456.4  452.8  449.5
  48.0  522.7  520.2  517.7  511.2  504.8  498.6  492.6  486.9  481.5  476.4  471.9  467.7  463.8  460.2  456.8
  49.0  530.5  528.0  525.5  519.0  512.5  506.3  500.2  494.5  489.1  483.9  479.3  475.1  471.1  467.5  464.1
  50.0  538.2  535.7  533.2  526.6  520.1  513.9  507.8  502.1  496.6  491.4  486.7  482.5  478.5  474.8  471.3
  51.0  545.8  543.3  540.8  534.2  527.7  521.4  515.3  509.5  504.0  498.7  494.1  489.8  485.7  481.9  478.4
  52.0  553.3  550.9  548.4  541.7  535.2  528.9  522.7  516.9  511.3  506.0  501.3  497.0  492.8  489.0  485.4
  53.0  560.8  558.3  555.8  549.1  542.6  536.2  530.0  524.2  518.6  513.3  508.5  504.1  499.9  496.1  492.4
  54.0  568.2  565.7  563.2  556.5  549.9  543.5  537.3  531.4  525.8  520.4  515.6  511.2  506.9  503.0  499.3
  55.0  575.5  573.0  570.5  563.8  557.1  550.7  544.5  538.5  532.9  527.5  522.6  518.2  513.9  509.9  506.2
  56.0  582.7  580.2  577.7  571.0  564.3  557.9  551.6  545.6  539.9  534.5  529.6  525.1  520.8  516.8  513.0
  57.0  589.9  587.4  584.9  578.1  571.4  564.9  558.6  552.6  546.9  541.4  536.5  531.9  527.6  523.5  519.6
  58.0  597.0  594.5  591.9  585.1  578.4  571.9  565.6  559.5  553.8  548.3  543.3  538.7  534.3  530.2  526.3
  59.0  604.0  601.5  598.9  592.1  585.3  578.8  572.4  566.4  560.6  555.1  550.1  545.4  541.0  536.8  532.8
  60.0  610.9  608.4  605.8  599.0  592.2  585.7  579.3  573.2  567.3  561.8  556.8  552.0  547.5  543.3  539.3
  61.0  617.8  615.2  612.7  605.8  599.0  592.4  586.0  579.9  574.0  568.4  563.3  558.6  554.1  549.8  545.7
  62.0  624.5  622.0  619.4  612.5  605.7  599.1  592.6  586.5  580.6  575.0  569.9  565.1  560.5  556.2  552.1
  63.0  631.2  628.7  626.1  619.2  612.3  605.7  599.2  593.0  587.1  581.4  576.3  571.5  566.8  562.5  558.3
  64.0  637.8  635.3  632.7  625.8  618.9  612.2  605.7  599.5  593.5  587.8  582.6  577.8  573.1  568.7  564.5
  65.0  644.3  641.8  639.2  632.2  625.3  618.7  612.1  605.9  599.9  594.1  588.9  584.0  579.3  574.9  570.6
  66.0  650.8  648.2  645.7  638.6  631.7  625.0  618.4  612.2  606.1  600.4  595.1  590.2  585.4  581.0  576.6
  67.0  657.1  654.6  652.0  645.0  638.0  631.3  624.7  618.4  612.3  606.5  601.2  596.3  591.5  587.0  582.6
  68.0  663.4  660.9  658.3  651.2  644.2  637.5  630.9  624.5  618.5  612.6  607.3  602.3  597.5  592.9  588.5
  69.0  669.6  667.1  664.5  657.4  650.4  643.6  636.9  630.6  624.5  618.6  613.3  608.2  603.4  598.8  594.4
  70.0  675.7  673.2  670.6  663.5  656.4  649.6  643.0  636.6  630.5  624.6  619.2  614.1  609.2  604.6  600.2
  71.0  681.8  679.2  676.6  669.5  662.4  655.6  648.9  642.5  636.4  630.5  625.0  619.9  615.0  610.4  605.9
  72.0  687.7  685.2  682.6  675.4  668.4  661.5  654.8  648.4  642.2  636.3  630.8  625.7  620.7  616.0  611.5
  73.0  693.6  691.1  688.5  681.3  674.2  667.3  660.6  654.2  648.0  642.0  636.5  631.4  626.4  621.7  617.1
  74.0  699.5  696.9  694.3  687.1  680.0  673.1  666.3  659.9  653.6  647.7  642.2  637.0  632.0  627.2  622.6
  75.0  705.2  702.6  700.0  692.8  685.7  678.8  672.0  665.5  659.3  653.3  647.8  642.5  637.5  632.7  628.1
  76.0  710.9  708.3  705.7  698.5  691.3  684.4  677.6  671.1  664.8  658.8  653.3  648.0  643.0  638.2  633.5
  77.0  716.5  713.9  711.3  704.1  696.9  690.0  683.1  676.6  670.3  664.3  658.7  653.5  648.4  643.5  638.8
  78.0  722.1  719.5  716.9  709.6  702.4  695.5  688.6  682.1  675.8  669.7  664.1  658.8  653.7  648.8  644.0
  79.0  727.5  725.0  722.3  715.1  707.9  700.9  694.0  687.5  681.1  675.0  669.4  664.0  658.9  654.0  649.2
  80.0  733.0  730.4  727.8  720.5  713.2  706.2  699.3  692.8  686.4  680.2  674.6  669.2  664.0  659.1  654.3
  81.0  738.3  735.7  733.1  725.7  718.5  711.5  704.5  698.0  691.5  685.4  679.7  674.3  669.1  664.1  659.3
  82.0  743.5  740.9  738.3  730.9  723.7  716.6  709.7  703.1  696.7  690.5  684.8  679.4  674.1  669.1  664.3
  83.0  748.7  746.1  743.4  736.1  728.8  721.7  714.8  708.1  701.7  695.5  689.8  684.4  679.1  674.1  669.2
  84.0  753.8  751.1  748.5  741.1  733.9  726.8  719.8  713.2  706.7  700.5  694.8  689.3  684.0  679.0  674.1
  85.0  758.8  756.2  753.5  746.2  738.8  731.8  724.8  718.1  711.6  705.4  699.6  694.2  688.8  683.8  678.8
  86.0  763.8  761.1  758.5  751.1  743.8  736.7  729.7  723.0  716.5  710.2  704.4  698.9  693.6  688.5  683.6
  87.0  768.6  766.0  763.4  756.0  748.6  741.5  734.5  727.8  721.3  715.0  709.2  703.7  698.3  693.2  688.3
  88.0  773.5  770.9  768.2  760.8  753.4  746.3  739.2  732.5  726.0  719.7  713.9  708.4  703.0  697.9  693.0
  89.0  778.2  775.6  772.9  765.5  758.1  751.0  744.0  737.2  730.7  724.4  718.6  713.1  707.7  702.6  697.6
  90.0  782.9  780.3  777.6  770.2  762.8  755.7  748.6  741.9  735.4  729.1  723.3  717.7  712.4  707.2  702.3
  91.0  787.6  785.0  782.4  774.9  767.5  760.4  753.3  746.6  740.1  733.8  727.9  722.4  717.0  711.9  706.9
  92.0  792.3  789.7  787.0  779.6  772.2  765.0  758.0  751.2  744.7  738.4  732.6  727.0  721.6  716.5  711.5
  93.0  797.0  794.4  791.7  784.2  776.9  769.7  762.6  755.9  749.3  743.0  737.2  731.6  726.2  721.0  716.0
  94.0  801.6  799.0  796.3  788.9  781.5  774.3  767.2  760.5  753.9  747.6  741.7  736.1  730.7  725.5  720.5
  95.0  806.2  803.6  800.9  793.4  786.0  778.9  771.8  765.0  758.5  752.1  746.2  740.6  735.2  730.0  725.0
  96.0  810.8  808.1  805.5  798.0  790.6  783.4  776.3  769.5  763.0  756.6  750.8  745.2  739.7  734.6  729.5
  97.0  815.3  812.6  810.0  802.5  795.1  787.9  780.8  774.0  767.5  761.1  755.2  749.7  744.2  739.1  734.0
  98.0  819.8  817.2  814.5  807.0  799.6  792.4  785.3  778.5  772.0  765.6  759.8  754.1  748.7  743.5  738.5
  99.0  824.3  821.7  819.0  811.5  804.1  796.9  789.8  783.0  776.5  770.1  764.2  758.6  753.2  748.0  743.0
 100.0  828.8  826.2  823.5  816.0  808.6  801.4  794.3  787.5  780.9  774.5  768.7  763.1  757.6  752.4  747.4
 101.0  833.2  830.6  828.0  820.5  813.0  805.8  798.7  792.0  785.4  779.0  773.1  767.5  762.1  756.9  751.9
 102.0  837.7  835.1  832.4  824.9  817.5  810.3  803.2  796.4  789.8  783.5  777.6  772.0  766.5  761.4  756.3
