Sumatra_2007                                                                    
      8.40
   KAPI      0.183E+02      0.923E+02      0.724E+00      0.411E+00      0.641E+00
   CHTO      0.233E+02      0.354E+03      0.103E+01      0.634E+00      0.689E+00
   PALK      0.237E+02      0.299E+03      0.709E+00      0.441E+00      0.357E+00
   MBWA      0.243E+02      0.134E+03      0.392E+00      0.246E+00      0.218E+00
    QIZ      0.248E+02      0.194E+02      0.185E+01      0.117E+01      0.117E+01
    DAV      0.268E+02      0.647E+02      0.925E+00      0.608E+00      0.880E+00
   DGAR      0.289E+02      0.263E+03      0.138E+01      0.948E+00      0.714E+00
   NWAO      0.319E+02      0.154E+03      0.350E+00      0.260E+00      0.286E+00
   TATO      0.352E+02      0.328E+02      0.134E+01      0.111E+01      0.121E+01
    LSA      0.354E+02      0.345E+03      0.680E+00      0.568E+00      0.464E+00
    ENH      0.355E+02      0.121E+02      0.108E+01      0.900E+00      0.108E+01
   WRAB      0.356E+02      0.118E+03      0.359E+00      0.302E+00      0.370E+00
    PMG      0.457E+02      0.987E+02      0.489E+00      0.551E+00      0.586E+00
   MSEY      0.458E+02      0.268E+03      0.763E+00      0.862E+00      0.676E+00
   CTAO      0.463E+02      0.113E+03      0.328E+00      0.376E+00      0.428E+00
   GUMO      0.468E+02      0.667E+02      0.801E+00      0.926E+00      0.857E+00
   INCN      0.480E+02      0.272E+02      0.127E+01      0.151E+01      0.121E+01
     0.704    0.83984E-01    0.44895E+00
   -50.298    0.11605E+01    0.91347E+00
     0.7038E+00
     0.8398E-01     0.4489E+00
